## order and coefficients:
order = 152
coeffs = [
 0.00232738107555552, 0.00922695722813153, 0.00773033917903762, 0.011467831400938,
 0.0130519186698972, 0.0142389626702959, 0.0141145009286556, 0.0127583114233367,
 0.0101950629216487, 0.00673092905298647, 0.00281708981094565, -0.000989111837913679,
 -0.00412542696720445, -0.00613245484652375, -0.00673660822454754, -0.00591291832328676,
 -0.0038953392590717, -0.00113926230890725, 0.00176396710143443, 0.00419786351015542,
 0.00564840166073773, 0.00580756594621445, 0.00464445298669579, 0.00241228167119975,
 -0.000397669974056063, -0.00315982882169413, -0.00524744854759474, -0.00616986696094999,
 -0.00568247559741705, -0.00385592454536345, -0.00106403936072277, 0.00208332493247689,
 0.00487403487574822, 0.00664694705563115, 0.00694721768045664, 0.00563545948236604,
 0.0029367766419419, -0.000594710231142497, -0.00417976478398229, -0.00698840207668458,
 -0.00831987312345981, -0.00777957197983195, -0.00537445654384982, -0.00154892311762374,
 0.00290028621208456, 0.00697325912690389, 0.00969398673006019, 0.0103270091241112,
 0.00857004984320211, 0.00464620894288635, -0.000701784673323982, -0.00633825404810223,
 -0.0109688379389773, -0.0134143833101943, -0.0129019693176223, -0.00925627777003295,
 -0.00301675399545622, 0.00463235208238579, 0.0120480796329622, 0.0174615092828941,
 0.0193499478544405, 0.0167930690495342, 0.00976493801295727, -0.000765219115060084,
 -0.0128992159389074, -0.0240790927115354, -0.0315059134402624, -0.0326387641547852,
 -0.0257112150757533, -0.0101072713378632, 0.0134159322827348, 0.0427294055451825,
 0.0746102579926494, 0.105187437495629, 0.130520665714103, 0.147243791678331,
 0.153086920312013, 0.147243791678331, 0.130520665714103, 0.105187437495629,
 0.0746102579926494, 0.0427294055451825, 0.0134159322827348, -0.0101072713378632,
 -0.0257112150757533, -0.0326387641547852, -0.0315059134402624, -0.0240790927115354,
 -0.0128992159389074, -0.000765219115060084, 0.00976493801295727, 0.0167930690495342,
 0.0193499478544405, 0.0174615092828941, 0.0120480796329622, 0.00463235208238579,
 -0.00301675399545622, -0.00925627777003295, -0.0129019693176223, -0.0134143833101943,
 -0.0109688379389773, -0.00633825404810223, -0.000701784673323982, 0.00464620894288635,
 0.00857004984320211, 0.0103270091241112, 0.00969398673006019, 0.00697325912690389,
 0.00290028621208456, -0.00154892311762374, -0.00537445654384982, -0.00777957197983195,
 -0.00831987312345981, -0.00698840207668458, -0.00417976478398229, -0.000594710231142497,
 0.0029367766419419, 0.00563545948236604, 0.00694721768045664, 0.00664694705563115,
 0.00487403487574822, 0.00208332493247689, -0.00106403936072277, -0.00385592454536345,
 -0.00568247559741705, -0.00616986696094999, -0.00524744854759474, -0.00315982882169413,
 -0.000397669974056063, 0.00241228167119975, 0.00464445298669579, 0.00580756594621445,
 0.00564840166073773, 0.00419786351015542, 0.00176396710143443, -0.00113926230890725,
 -0.0038953392590717, -0.00591291832328676, -0.00673660822454754, -0.00613245484652375,
 -0.00412542696720445, -0.000989111837913679, 0.00281708981094565, 0.00673092905298647,
 0.0101950629216487, 0.0127583114233367, 0.0141145009286556, 0.0142389626702959,
 0.0130519186698972, 0.011467831400938, 0.00773033917903762, 0.00922695722813153,
 0.00232738107555552
]
stpbnd = 3900
decim = 6

## description:
This filter is designed to the provided specifications, it is a low-pass anti aliasing filter. The stopband beginning frequency is placed between 3500 and 4000 Hz. The decimation factor is calculated by dividing the initial frequency by the final.